bezier
50 310 65 330 90 330 110 310
bezier
390 310 405 330 430 330 450 310

bezier
55 340 68 342 75 344 86 346
bezier
455 340 445 342 438 346 425 346
hermite
20 200 500 200 10 -100 10 100
hermite
20 200 500 200 10 100 10 100
hermite
20 200 500 200 10 -200 10 200
hermite
20 200 500 200 10 -300 10 300
hermite
20 200 500 200 10 -400 10 400
hermite
20 200 500 200 10 200 10 100
hermite
20 200 500 200 10 300 10 200
hermite
20 200 500 200 10 400 10 300
hermite
20 200 500 200 10 500 10 400


display
save
huh.png